fx=1006.1000;
fy=1006.1000;
cx=640.971;
cy=347.615;
w=1280;
h=720;
w_p=640;
h_p=480;
fx_p=fx/w*w_p
fy_p=fy/h*h_p
cx_p=cx/w*w_p
cy_p=cy/h*h_p